"run" "sentID" "word" "fixdur"
1 1 1 156.117996902571
1 1 2 17.5729473181124
1 1 2 2.29459183015724
1 1 2 2.11930591201219
1 1 2 1.76476391159195
1 1 2 2.93783541867323
1 1 3 96.3093983388645
1 1 4 263.305769437875
1 1 2 1.95900308786149
1 1 3 74.0884013071472
1 1 2 1.16669693056196
1 1 2 2.02071435165067
1 1 5 61.5058042811005
1 1 6 140.529809419062
1 1 10 425.18433146378
1 1 11 243.853365600102
1 2 1 195.238622731675
1 2 10 113.74080194915
1 3 1 237.110622666383
1 3 2 1.27782785970751
1 3 3 190.376654403499
1 3 4 108.069661674021
1 3 5 105.466711399108
1 3 2 1.47824578311757
1 3 2 1.65466020892661
1 3 2 1.52299888021055
1 3 6 147.162145481207
1 3 2 1.50106852804299
1 3 2 2.51306306908799
1 3 8 127.246007069625
1 3 7 76.8889201420604
1 3 2 1.40824016944571
1 3 2 4.197171284125
1 3 9 158.91774467162
1 3 10 91.3898807679804
1 4 1 224.443158230644
1 4 2 2.58528990111589
1 4 2 1.55014755731542
1 4 2 3.31229811658199
1 4 2 1.15724138122612
1 4 2 1.91176345301577
1 4 2 1.55819489790938
1 4 2 1.49347609312051
1 4 8 213.721074260128
1 5 1 167.029681508847
1 5 2 56.490730367454
1 5 3 246.915434061885
1 5 2 57.4320086465092
1 5 5 261.745257463331
1 5 7 326.498203708872
1 6 1 165.362652272156
1 6 2 1.40699050769529
1 6 2 1.57842110678977
1 6 1 181.288897231873
1 6 2 3.0530649543514
1 6 3 183.20237156683
1 6 3 130.466067257748
1 6 4 32.4491817071172
1 6 2 3.48092814704666
1 6 4 76.409629383957
1 6 2 1.09993468164564
1 6 2 2.11814911274053
1 6 2 1.48647739009208
1 6 5 32.7603121604874
1 6 5 46.2925336763646
1 6 6 22.3923822905461
1 6 6 51.2093781729193
1 6 6 65.399214143856
1 6 7 194.527996108483
1 6 2 1.33564739240413
1 6 9 195.85937703484
1 7 1 275.223735566987
1 7 2 1.96842591719472
1 7 2 2.35746669353035
1 7 2 2.99213567729694
1 7 2 0.993349471781783
1 7 2 1.5726297234118
1 7 1 102.3885843833
1 7 2 1.37580230738273
1 7 2 1.94822806680269
1 7 2 1.35107849282195
1 7 3 195.697255703921
1 7 5 149.629976695897
1 7 6 85.3480621124099
1 7 6 99.4010991402822
1 7 2 1.62321487534953
1 7 7 123.759880980375
1 7 8 293.455754830842
1 7 1 135.972024964616
1 7 4 5.58902605641224
1 7 9 42.7779730520597
1 7 10 17.9149192702681
1 8 1 278.18107358254
1 8 10 170.481823445062
1 8 2 3.76690200784259
1 8 9 154.681251403533
1 8 11 229.401607029094
1 9 1 230.875037790407
1 9 4 224.692210473098
1 9 3 169.845966289927
1 9 2 1.7141932996893
1 9 2 1.8432154357039
1 9 2 1.03437036181363
1 9 2 1.50633011171462
1 9 6 208.515568101449
1 9 3 103.583731477176
1 9 2 1.53139608803407
1 9 2 2.19947028675226
1 9 7 85.9835010342594
1 10 1 206.847335307361
1 10 2 2.44922449041634
1 10 2 2.07004345091389
1 10 2 1.26274353632776
1 10 3 31.895916020826
1 10 4 84.7346176317227
1 10 5 318.847160593349
1 10 6 154.551032164998
1 10 3 47.5865924512758
1 10 10 311.893483350764
1 11 1 210.458266760133
1 11 2 1.03580528793096
1 11 2 2.3610340594336
1 11 2 3.68105929757429
1 11 2 2.06780546556501
1 11 2 1.42463656815733
1 11 2 2.67832008467029
1 11 2 2.22991148276414
1 11 3 118.564686303278
1 11 1 131.767628200829
1 11 2 1.69737176149953
1 11 2 1.4329456504835
1 11 2 1.71594932959788
1 11 4 202.017396367262
1 11 5 124.113334680591
1 11 6 66.5907327645706
1 11 6 133.264870545319
1 11 7 109.154614575774
1 11 8 142.590055061124
1 11 2 1.96309624638201
1 11 2 2.03835548903004
1 11 9 137.301113289723
1 12 1 228.651354614689
1 12 3 167.169111350677
1 12 2 2.02921548472483
1 12 2 1.31888340180506
1 12 2 1.77561450225886
1 12 2 1.84929270284471
1 12 4 95.1121105445375
1 12 4 127.963120994436
1 12 5 102.991977295369
1 12 2 2.31082733284517
1 12 6 104.880584226079
1 12 2 1.50578641093869
1 12 2 1.11709800648899
1 12 2 1.77939415068639
1 12 8 120.604200488116
1 13 1 276.173525387849
1 13 3 97.1516994002591
1 13 3 39.2325450105516
1 13 3 15.2876111716836
1 13 5 224.021442444435
1 13 4 118.761433797322
1 13 6 38.6769993632096
1 13 7 69.8699692254819
1 13 7 73.3111591015416
1 13 8 137.8004786366
1 14 1 190.855696334538
1 14 3 94.1419306046768
1 14 3 193.456365369984
1 14 4 128.191639598466
1 14 2 1.37207426103869
1 14 2 0.85726195969111
1 14 2 2.32252416794215
1 14 5 263.582860525949
1 14 6 154.264853591529
1 14 2 1.61281876458567
1 14 2 2.74238188146583
1 14 2 1.56920931294814
1 14 8 242.630797624481
1 15 1 303.41168174933
1 15 2 2.3683227794432
1 15 3 101.406675518231
1 15 6 313.199185209792
1 15 5 365.441560242199
1 15 6 343.192801949485
1 15 4 89.1287827395774
1 15 8 232.44954962885
1 15 3 24.8187797133196
1 15 3 3.41707472015272
1 15 3 3.41395516536054
1 15 9 66.9703162954892
1 16 1 107.83392697131
1 16 2 34.3874933125441
1 16 5 198.350838815526
1 16 2 11.3766566882282
1 16 3 141.471587886381
1 16 6 220.293901125725
1 17 1 144.405829126513
1 17 2 18.635603125347
1 17 1 205.247924637364
1 17 2 3.92122375468284
1 17 2 2.06029165384385
1 17 2 1.66073571812053
1 17 2 2.09914365645468
1 17 4 203.532411045668
1 17 3 200.343747946946
1 17 2 2.39344711121706
1 17 2 1.49042594170123
1 17 5 48.4100185135967
1 17 6 163.660845154898
1 17 7 20.1425634914222
1 17 7 30.7159497230586
1 17 8 28.481575396475
1 17 8 53.0746984733396
1 17 2 2.15897015562268
1 17 2 1.83798880782072
1 17 8 16.9231660771033
1 17 9 287.44398910605
1 18 1 130.501940842552
1 18 3 105.114852574688
1 18 3 114.977064856617
1 18 2 1.19861814163013
1 18 4 106.155061272249
1 18 2 1.23256139265378
1 18 2 1.89620507374945
1 18 5 139.082172541999
1 18 6 145.594100908365
1 18 2 2.64406717587713
1 18 7 95.6058173418906
1 18 2 1.42491287004293
1 18 2 2.01323771978129
1 18 8 232.591528636898
1 18 10 136.275213691997
1 19 1 331.111165988248
1 19 9 195.647467510554
1 19 8 361.300898850303
1 19 2 1.32086514283041
1 19 3 150.975358235194
1 19 7 171.587734861974
1 19 4 99.6381924885309
1 19 5 141.079046410136
1 19 2 1.45174655413908
1 19 2 1.76182144834354
1 19 6 69.4230707911705
1 19 11 254.625228054098
1 20 1 325.600690311414
1 20 3 110.120702003523
1 20 2 2.0745835977254
1 20 4 426.977415203208
1 20 6 160.260845671802
1 20 2 1.99993270450777
1 20 3 154.955763777534
1 20 7 118.102251238423
1 20 8 127.151273355343
1 20 2 2.67860841537448
1 20 9 309.14974999029
1 20 2 3.0996314864511
1 20 10 162.973677874729
1 21 1 143.957119907309
1 21 1 183.21685823687
1 21 2 1.86429831743302
1 21 2 1.63881183443508
1 21 2 2.01930339518485
1 21 2 2.06186946950494
1 21 2 2.36552937271934
1 21 3 185.911873960635
1 21 4 52.1889870245138
1 21 4 173.156656794794
1 21 5 134.653704054721
1 21 2 2.62236133776866
1 21 6 60.4351044542868
1 21 2 0.964099152776677
1 21 6 100.632138319088
1 21 2 1.45591980084464
1 21 2 1.48695900285659
1 21 2 0.930783925895139
1 21 7 153.81760109585
1 21 2 1.65970600553892
1 21 2 1.6183840070459
1 21 8 120.354850297249
1 21 9 93.4135610652836
1 21 2 1.51826520540474
1 21 9 41.3685878670422
1 21 10 81.998370599114
1 22 1 97.8961352587001
1 22 1 208.081098092661
1 22 2 1.95160573367093
1 22 3 27.505114206705
1 22 3 16.8265678539993
1 22 3 5.71500476189513
1 22 4 129.747313185831
1 22 3 3.08952362025963
1 22 3 4.46341261279313
1 22 3 4.40815325214643
1 22 5 221.964290057819
1 22 3 2.63863657789071
1 22 7 355.002647459863
1 23 1 286.903659987355
1 23 2 1.55316483442632
1 23 3 142.55079869666
1 23 2 1.67333869859662
1 23 4 133.017420007203
1 23 4 172.308936860694
1 23 5 103.294256422572
1 23 6 162.553685760298
1 23 7 156.673720865836
1 24 1 221.93397561582
1 24 3 130.64388683392
1 24 4 122.239772187251
1 24 2 2.0242413838466
1 24 2 1.22291609101283
1 24 2 1.55598530845108
1 24 2 1.29973408430721
1 24 2 1.30093540129452
1 24 2 2.44949835889942
1 24 8 408.104608287824
1 24 5 205.735467623133
1 24 9 243.559615953877
1 24 6 147.487795803877
1 24 10 93.1192319096276
1 25 1 101.623876123049
1 25 2 52.2920736278182
1 25 2 19.6438327409418
1 25 2 12.0992528789968
1 25 2 1.35926929137807
1 25 3 91.2013690913671
1 25 2 1.21562241162115
1 25 3 123.335307456895
1 25 4 86.060935987161
1 25 4 106.380866762671
1 25 4 113.954053954843
1 25 2 1.77059645795293
1 25 5 88.2363932820303
1 25 2 1.27843112068621
1 25 7 116.784170510964
1 25 1 118.308287380958
1 25 7 112.541357079484
1 25 8 95.0191579068408
1 26 1 184.270149565468
1 26 2 1.85438558061912
1 26 2 1.50119337157359
1 26 3 180.624029848512
1 26 2 2.04533256272083
1 26 4 210.136592555691
1 26 2 1.78887714453572
1 26 2 2.53337245712527
1 26 5 171.98242288912
1 26 6 99.121938496702
1 26 6 74.7909978339043
1 26 7 93.1324335381037
1 27 1 148.213346822212
1 27 2 1.26187591646302
1 27 2 1.62551803942874
1 27 2 1.54814436545261
1 27 2 0.868076339119536
1 27 2 1.22100615636786
1 27 5 100.240659709581
1 27 2 1.22648971100259
1 27 3 258.260376245105
1 27 6 291.762999614195
1 27 7 321.653364466543
1 28 1 211.675664564429
1 28 2 2.36507302138202
1 28 2 2.72804836792003
1 28 3 154.149613448305
1 28 2 1.85933802308667
1 28 2 1.61523464714031
1 28 2 2.24501816270058
1 28 2 2.25668028572499
1 28 2 2.37839649265764
1 28 2 1.3320174960204
1 28 2 2.04693081462033
1 28 3 133.154372188915
1 28 5 350.956722668583
1 28 2 1.21224767376041
1 28 2 1.87650594380035
1 28 9 330.162113309408
1 28 7 230.421148421076
1 28 2 2.12519577306575
1 28 8 201.930295790477
1 28 10 328.912697422867
1 29 1 271.231936435885
1 29 2 1.3866577426036
1 29 2 2.3061776577639
1 29 2 2.89284219184899
1 29 2 2.06440480686514
1 29 2 1.81102813396593
1 29 2 1.83549988459412
1 29 2 1.05822542562512
1 29 2 1.62095277266085
1 29 2 1.38835045474501
1 29 2 2.18477888377242
1 29 2 2.51419665653334
1 29 2 1.84110703582459
1 29 3 225.260684015556
1 29 4 105.025021204556
1 29 2 1.4125233035039
1 29 5 171.665983523263
1 29 2 1.24940716225667
1 29 2 2.31118348677733
1 29 6 55.7510729825276
1 29 7 212.075569976989
1 29 8 207.761252024597
1 30 1 134.929915403074
1 30 2 2.23556053775312
1 30 2 3.67452348112697
1 30 2 2.13433210971552
1 30 2 1.64026276737128
1 30 2 1.24402651741333
1 30 7 91.5738379686887
1 31 1 213.823171177126
1 31 3 148.657342223586
1 31 3 27.2361489567885
1 31 2 1.09319430853583
1 31 3 60.7821325663911
1 31 4 5.88295208155885
1 31 5 95.1053961912104
1 31 5 216.67185793639
1 31 8 201.33673828695
1 31 4 6.5627866343794
1 31 9 476.688031687248
1 32 1 268.051999649719
1 32 2 2.40229297914658
1 32 3 206.177058752829
1 32 4 64.4270061454551
1 32 6 262.275861734388
1 32 5 61.1703659991774
1 32 8 263.522376454656
1 33 1 102.526217853803
1 33 1 238.645051968877
1 33 2 2.35022963412334
1 33 2 1.42618782776646
1 33 3 195.492481672136
1 33 4 79.3816694279613
1 33 2 2.42749259870151
1 33 6 522.212288805239
1 33 4 62.5165020918514
1 33 2 0.595404796751315
1 33 2 0.884445972526311
1 33 7 69.4651476217755
1 34 1 139.095520395322
1 34 2 1.26207043249684
1 34 2 0.967517155918853
1 34 3 80.1139090115469
1 34 4 238.483310549573
1 34 3 113.173276665697
1 34 5 133.68279661071
1 34 2 1.6656821039755
1 34 6 142.087096212826
1 34 2 1.71734301224746
1 34 2 1.87917278109765
1 34 8 313.235161637542
1 35 1 206.742342865723
1 35 2 1.9815486508873
1 35 1 174.154231358393
1 35 3 239.280367258386
1 35 4 40.4082661444111
1 35 2 1.50609045099711
1 35 4 30.0121566789814
1 35 4 85.2398019638098
1 35 5 120.063632376128
1 35 6 87.7607398792389
1 36 1 313.871529467949
1 36 2 1.96399954810506
1 36 2 0.939027922881278
1 36 2 1.53152223564845
1 36 3 142.910499636776
1 36 3 7.33711267203535
1 36 3 2.22190307346511
1 36 4 25.8728632693181
1 36 4 8.10136302217769
1 36 5 141.070677047904
1 36 5 148.330930966834
1 36 4 3.8808233270427
1 36 4 7.31875212114813
1 36 4 4.1394517926206
1 36 7 206.591881784305
1 36 8 169.94775620978
1 37 1 209.536023823312
1 37 2 3.52613681590754
1 37 1 198.954842091056
1 37 3 122.858974115913
1 37 2 2.20695870315318
1 37 2 1.76007268468819
1 37 4 109.67207040834
1 37 4 51.0527174448736
1 37 5 49.6001195751684
1 37 6 177.760519202718
1 37 7 100.433475653773
1 37 2 2.54769297525197
1 37 2 1.8243746168351
1 37 8 58.7942984860956
1 38 1 277.833289899782
1 38 3 134.006580546567
1 38 3 127.767934157561
1 38 4 39.8995125371406
1 38 7 141.185345337221
1 38 6 137.768913445758
1 38 5 64.4026508762776
1 38 2 1.20246414441003
1 38 2 1.16987945927572
1 38 2 1.48870122449013
1 38 5 57.5395735569126
1 38 8 54.6864512293301
1 38 2 2.84105978722964
1 38 8 38.7745112222145
1 38 9 32.3466909312654
1 39 1 225.572634066491
1 39 2 2.79280423788482
1 39 2 0.966831923755392
1 39 3 241.742154146351
1 39 9 356.500852605794
1 40 1 193.143539097485
1 40 3 157.006380381331
1 40 4 105.264696099411
1 40 5 180.621289368761
1 40 6 140.541980974587
1 40 7 185.877829798291
1 40 8 132.260334972816
1 40 1 137.49438292667
1 40 10 106.989583569415
1 40 9 10.5825206450349
1 40 9 17.504660974592
1 40 9 14.350311370479
1 40 9 16.3880787494113
1 40 2 1.52742304376964
1 40 9 21.6349768509298
1 40 2 2.23476955870177
1 40 11 24.047672054403
1 41 1 208.620752339754
1 41 3 69.2703688083966
1 41 4 327.760975995405
1 41 7 400.300908729883
1 41 8 437.365858245999
1 42 1 158.711805929528
1 42 2 1.47878956492569
1 42 2 1.10622483230565
1 42 2 1.84073653744194
1 42 2 1.0828964551631
1 42 2 3.20700846946788
1 42 3 54.4693225223478
1 42 3 80.3206109428189
1 42 4 42.307666179189
1 42 4 32.6749903706196
1 42 5 143.025758880586
1 42 4 31.4725510259841
1 42 4 27.7917048059713
1 42 6 21.882510326755
1 42 2 1.30398003568683
1 42 2 3.00508346118279
1 42 6 25.048619103322
1 42 2 1.26549839735778
1 42 7 130.331255889756
1 42 8 23.706474276862
1 42 9 185.452663422463
1 43 1 140.782827163251
1 43 2 2.11713881673558
1 43 3 53.3885005157479
1 43 3 93.2286565577425
1 43 3 142.976289543804
1 43 2 1.82323899880801
1 43 4 123.404265010927
1 43 1 184.53180791855
1 43 6 92.3427724801061
1 43 7 171.198554899298
1 43 8 79.9976141373065
1 44 1 157.328171860616
1 44 2 2.05485506711449
1 44 2 1.90612607159529
1 44 2 0.824528819087569
1 44 2 2.05629529887325
1 44 3 108.676495849842
1 44 3 85.2296446632316
1 44 4 226.872134424201
1 44 5 101.896154805909
1 44 7 192.394387676903
1 44 8 198.546694042693
1 44 6 209.016046502475
1 44 10 597.828006735834
1 45 1 245.69515795871
1 45 2 2.95751786109689
1 45 2 1.23222691709003
1 45 3 145.131757906214
1 45 4 99.6774667997883
1 45 2 2.04512868991942
1 45 2 2.65244072636736
1 45 2 2.31238295253585
1 45 5 254.544428123189
1 45 6 137.62013342152
1 45 7 134.905111464187
1 46 1 216.849210676658
1 46 8 150.211640022007
1 47 1 324.35201051293
1 47 2 2.27107527099507
1 47 5 345.583006138033
1 47 6 150.808241866728
1 47 2 1.54406395368266
1 47 2 3.5014611540398
1 47 2 1.45549354856987
1 47 2 2.57162909117499
1 47 3 150.037706278798
1 47 3 164.917788399021
1 47 7 107.439217077674
1 47 2 2.598934864653
1 47 8 137.133305591013
1 47 9 98.2541744923999
1 48 1 197.122324621169
1 48 2 2.82517622114755
1 48 2 2.41179682887888
1 48 2 1.08907481089166
1 48 2 1.44919196083911
1 48 2 1.4200824915665
1 48 2 2.10908614407615
1 48 2 2.51348524752963
1 48 2 2.6425691285942
1 48 2 1.93049121957804
1 48 2 2.14037677034497
1 48 3 186.899753261854
1 48 5 124.949965565667
1 48 5 127.986643283478
1 48 4 39.6257805523141
1 48 7 407.857136562194
1 48 2 2.99387189761428
1 48 8 70.7406163578533
1 49 1 162.878164978625
1 49 2 2.04880729891245
1 49 3 54.5615985471156
1 49 2 3.39713476154923
1 49 3 108.112158818395
1 49 2 1.09221382008962
1 49 5 409.53366847505
1 49 2 1.1732177769983
1 49 6 208.888214415269
1 49 7 216.645438556662
1 49 2 0.814378038075069
1 49 8 276.925543357668
1 50 1 221.760778857016
1 50 2 1.94095647621686
1 50 2 2.33829845892787
1 50 2 2.74085541787674
1 50 2 1.73921492422927
1 50 2 1.85776031191147
1 50 2 1.95068159531187
1 50 2 1.26722953863385
1 50 2 1.02205072804131
1 50 3 122.539568159429
1 50 5 402.757637435934
1 50 2 2.24275217770079
1 50 3 218.661370011245
1 50 2 2.30911982130627
1 50 2 2.4119519258476
1 50 2 1.85969173256761
1 50 7 114.529767346841
1 50 7 122.845525789108
1 50 8 191.665925189552
1 50 9 225.539629560174
1 51 1 233.763709121501
1 51 6 176.026744246529
1 51 5 106.562585735944
1 51 3 132.503790023633
1 51 2 1.23739151414878
1 51 7 478.803342096364
1 51 8 253.152222694959
1 51 2 2.23678849694676
1 51 9 359.725188817279
1 51 2 1.08683581214755
1 51 3 179.224759837799
1 51 11 223.357730059362
1 52 1 200.991541993077
1 52 3 163.187187075325
1 52 5 464.703595667183
1 52 2 2.4747047181564
1 52 6 510.608022626679
1 53 1 240.388090071656
1 53 2 3.93764175709395
1 53 2 2.59299400308908
1 53 2 0.847269727993904
1 53 2 1.00680819633431
1 53 2 1.42178415899512
1 53 2 2.05941520216191
1 53 2 1.47689501071776
1 53 3 154.896846718209
1 53 2 1.9440480944341
1 53 4 143.515998886597
1 53 5 144.626057966928
1 53 6 180.834124461624
1 53 2 2.46164633560103
1 53 8 195.113620374991
1 53 9 185.235033043964
1 54 1 239.805463854673
1 54 2 3.29624838688728
1 54 2 2.05708080419794
1 54 3 161.079781249718
1 54 2 1.86488965571095
1 54 4 147.814140694361
1 54 2 2.1616074714466
1 54 2 1.24018238461687
1 54 5 137.578137311031
1 54 6 83.4040335776955
1 54 2 1.59905101331483
1 54 2 0.894589197679655
1 54 7 139.895474043769
1 54 7 80.0678297896902
1 54 8 215.129832067274
1 55 1 207.825150956654
1 55 1 156.005870613525
1 55 2 3.41909644864114
1 55 2 2.73344887134028
1 55 2 1.37737724036012
1 55 2 1.82732725812732
1 55 2 1.98580699396625
1 55 2 2.28246944528206
1 55 2 2.8596479461685
1 55 2 1.49130797270799
1 55 2 2.34514605136967
1 55 2 1.75566303074972
1 55 3 139.643082854941
1 55 4 164.832490769744
1 55 2 2.07223517244346
1 55 2 1.98971993278925
1 55 5 150.438541477104
1 55 6 39.615643917246
1 55 2 1.14082279327031
1 55 6 76.8195894190819
1 55 8 267.275990533055
1 55 2 1.15981167045624
1 55 7 98.4543545364444
1 55 9 64.2122102436037
1 55 2 1.50404211559569
1 55 2 2.2732331226264
1 55 10 95.2765628850848
1 56 1 369.248893015368
1 56 2 2.0853147639186
1 56 2 2.18911979037152
1 56 2 2.5294165320893
1 56 2 1.93023119152414
1 56 2 2.16336637570873
1 56 2 1.76947612363364
1 56 7 238.205322263948
1 57 1 185.870728085152
1 57 3 77.6141604810183
1 57 3 131.725710782442
1 57 2 1.6449821722028
1 57 2 1.7877667332743
1 57 2 2.21224667761164
1 57 4 176.013117025529
1 57 2 1.67243420361146
1 57 2 1.52781142341676
1 57 2 2.57949601911538
1 57 2 1.56235227982578
1 57 2 1.29435377244426
1 57 6 195.809565063527
1 57 2 1.51459957896074
1 57 7 354.645286537926
1 58 1 281.635476030848
1 58 3 86.8856082479582
1 58 10 316.631437847687
1 59 1 256.983296267165
1 59 2 0.896999511221981
1 59 3 235.720198905667
1 59 4 107.579775422883
1 59 6 213.347917608953
1 59 5 113.909056295289
1 59 2 1.39876641316454
1 59 2 1.07083982269162
1 59 2 1.95086156896138
1 59 8 150.307091408876
1 59 9 135.702192195746
1 60 1 253.340158475987
1 60 3 87.6312037645024
1 60 2 1.55243884207926
1 60 4 304.776485290284
1 60 2 1.69077708149905
1 60 2 1.91754102648436
1 60 2 1.46697652446853
1 60 2 1.42362693968884
1 60 5 61.2546959400654
1 60 2 1.42179655737171
1 60 2 1.5206017229259
1 60 6 78.1072165209652
1 60 7 61.9139090075319
1 60 8 406.031266769762
1 60 7 120.02406949228
1 60 2 2.73678702432825
1 60 2 1.4086263890463
1 60 9 125.748993963751
1 61 1 214.44075091311
1 61 2 1.51619534840388
1 61 2 2.49749352910105
1 61 2 2.87089070874003
1 61 2 2.34782515378237
1 61 4 259.098710798188
1 61 2 1.28876087685487
1 61 6 476.943508722437
1 61 2 2.52609994425679
1 61 2 1.17139684620256
1 61 3 76.4439775343169
1 61 3 182.24472261673
1 61 6 98.6183726697083
1 61 2 2.80969036900152
1 61 2 3.77084512372045
1 61 2 0.954852031001838
1 61 2 2.66589220942158
1 61 2 1.55098762944273
1 61 7 88.3823263941805
1 62 1 238.979836578269
1 62 2 2.29394180217977
1 62 2 1.80892897819819
1 62 3 225.182378295356
1 62 4 70.3212072464475
1 62 4 94.7589986861067
1 62 6 193.558015373834
1 62 7 204.493028054823
1 62 2 1.86085993408392
1 62 8 65.046753518137
1 63 1 149.5265351409
1 63 2 1.46424606002479
1 63 2 2.36261714241459
1 63 8 231.660926584813
1 63 1 185.015357681893
1 63 2 2.08844173559234
1 63 3 169.75681094355
1 63 7 315.030225870646
1 63 2 1.04276701574288
1 63 9 560.084526106989
1 64 1 281.63003363022
1 64 3 249.923280187988
1 64 2 2.45792842056559
1 64 2 3.09832153598811
1 64 2 1.23454725283228
1 64 2 1.84164203759014
1 64 4 209.130898862986
1 64 5 179.192764105176
1 64 2 1.47696168136118
1 64 2 2.23987734836488
1 64 6 105.914201325622
1 64 2 1.27376456288384
1 64 9 393.156279572179
1 65 1 171.242936099084
1 65 3 89.5274269767384
1 65 3 167.971707376649
1 65 11 295.143126984153
1 66 1 393.769320583895
1 66 3 3.28031140486663
1 66 3 4.69636192109592
1 66 3 5.07131862721549
1 66 3 6.29280461858458
1 66 3 2.58356311581753
1 66 3 3.76695155145951
1 66 3 3.24084321269608
1 66 9 280.186204551363
1 66 3 4.55912926444911
1 66 2 1.62867558789444
1 66 10 210.523413039202
1 66 11 397.638804937416
1 67 1 214.721486799438
1 67 2 2.11934431239765
1 67 3 71.4211410046758
1 67 2 1.90477898481436
1 67 3 141.861455420679
1 67 4 96.7007036192128
1 67 5 172.796678573906
1 67 4 65.1560447615531
1 67 7 178.057777862285
1 68 1 205.164317914307
1 68 2 2.70509174095502
1 68 3 96.4425496732659
1 68 2 1.4738388480781
1 68 3 120.916095593791
1 68 2 1.1799627868258
1 68 2 2.61401276561501
1 68 4 101.770746035958
1 68 2 2.07226468198014
1 68 5 142.807951907412
1 68 2 1.83126593894759
1 68 7 192.784812562909
1 68 8 284.6518654478
1 69 1 261.810503500926
1 69 2 2.08913925719012
1 69 2 2.8519864811322
1 69 3 196.885884276945
1 69 2 1.14485326908523
1 69 2 1.3144057138861
1 69 4 152.918233605623
1 69 2 2.5990229937656
1 69 2 1.80912380944457
1 69 2 1.05941102982942
1 69 2 0.723283465239095
1 69 2 1.66377728125102
1 69 2 2.89695857986453
1 69 5 128.018151631211
1 69 5 59.2799349404454
1 69 2 2.04201652955129
1 69 2 1.44396488575168
1 69 6 99.9912139422209
1 69 2 1.32534144830784
1 69 2 2.84895465967965
1 69 7 125.763558084686
1 70 1 327.207756939921
1 70 2 1.67943338297781
1 70 2 2.63101986847696
1 70 2 2.50121142313095
1 70 3 165.65615667636
1 70 4 47.9742302255147
1 70 5 37.2545606290317
1 70 5 51.0235812159062
1 70 5 31.3220991708197
1 70 5 36.1651536125127
1 70 7 292.526644595759
1 70 2 1.64208330782499
1 70 5 26.3057985228915
1 70 1 147.913441429491
1 70 2 1.16350324768238
1 70 6 9.66275381324082
1 70 6 5.57436074138901
1 70 4 7.3002131174493
1 70 5 8.28547774313287
1 70 6 6.10045833951935
1 70 9 259.753070296709
1 70 10 107.288487999897
1 71 1 194.267857296255
1 71 2 1.80410984809961
1 71 2 2.23436718404915
1 71 2 2.4727637483096
1 71 2 2.13991782140561
1 71 2 2.97785770893045
1 71 2 1.3049648547823
1 71 2 1.01813941937322
1 71 3 195.502444676501
1 71 2 1.31686797227623
1 71 4 29.0376398008403
1 71 5 296.70606031474
1 71 6 123.52480666759
1 71 4 30.3471947650145
1 71 7 32.1988647879023
1 71 7 25.6089880703414
1 71 2 1.51739012224223
1 71 8 178.185422392654
1 71 2 1.39693649872811
1 71 9 44.7658580839975
1 71 9 56.167236666064
1 71 7 25.9795581934658
1 71 10 36.5861595851518
1 71 10 28.9111489812769
1 71 11 56.8596868670672
1 72 1 231.837526251888
1 72 2 0.85612827581576
1 72 2 1.89682199605369
1 72 2 3.10898488786208
1 72 2 3.79969700154978
1 72 3 229.444842226143
1 72 5 233.333892290798
1 72 6 184.338075978852
1 72 2 1.17978328407813
1 72 7 271.443532720713
1 73 1 126.160690611787
1 73 2 2.14371047015818
1 73 3 108.729740019216
1 73 2 3.02497261780375
1 73 2 1.47997457716861
1 73 3 131.277807372
1 73 2 2.03568277410928
1 73 2 2.63154545593836
1 73 5 289.870855247447
1 73 7 295.657188033695
1 73 2 3.7287684152351
1 73 2 1.24378637512406
1 73 2 1.94866046446485
1 73 2 1.37938101101231
1 73 6 112.306851145983
1 73 2 2.77735883150522
1 73 2 2.13151740019482
1 73 8 131.358862776756
1 73 3 64.2401584234478
1 73 2 1.70698450231073
1 73 9 75.2683093771089
1 73 9 103.050315832099
1 73 10 107.330469384905
1 74 1 213.991212413592
1 74 2 2.48120250619362
1 74 2 1.46499856062675
1 74 2 1.57246436467406
1 74 3 262.734987067743
1 74 4 22.5889344940778
1 74 5 146.677855447476
1 74 6 151.494466838335
1 74 7 142.353186772567
1 74 8 87.8554282050399
1 74 4 37.9055918557652
1 74 9 265.960725814778
1 74 4 26.0348230237016
1 74 10 40.3491812799135
1 75 1 338.803351479069
1 75 3 116.238672252472
1 75 3 144.482171050489
1 75 5 160.212406757397
1 75 6 204.079673432143
1 75 7 253.609892911543
1 75 4 22.7972109508875
1 75 4 55.04231956559
1 75 8 48.9300068192362
1 75 2 1.36646784406518
1 75 9 48.9766699644125
1 76 1 272.291993237085
1 76 2 2.43582814649246
1 76 3 118.250032877235
1 76 4 107.265668205567
1 76 5 103.320216259776
1 76 6 108.847578670491
1 76 7 305.388886966171
1 76 5 121.837888206677
1 76 8 157.372489651169
1 76 2 1.70166442320145
1 76 9 96.0033721292367
1 76 2 1.25666356569254
1 76 10 100.841172014765
1 77 1 228.005309500165
1 77 2 1.72039894531687
1 77 2 1.92034759493307
1 77 3 162.053212498647
1 77 3 96.0237448137308
1 77 5 279.755190571234
1 77 2 0.9181743896491
1 77 6 289.759413355981
1 77 4 107.333951635467
1 77 7 105.375268756575
1 78 1 190.573460590389
1 78 3 86.3498316503408
1 78 2 2.97774817054007
1 78 3 147.167321169324
1 78 10 320.6824167516
1 79 1 370.618104175553
1 79 4 104.711602071492
1 79 2 2.01417237564576
1 79 5 436.497925369979
1 79 3 239.504861464287
1 79 7 133.784615951718
1 79 2 2.46909628865693
1 79 8 33.5794628360216
1 79 8 36.8941714545651
1 79 8 38.0717638764184
1 79 9 164.476375738496
1 79 10 84.8742855383056
1 80 1 220.324331432805
1 80 2 2.16688159306844
1 80 2 1.75171913834917
1 80 2 1.97014228226025
1 80 2 2.43276509301491
1 80 2 2.04312418548047
1 80 2 1.96490266027117
1 80 3 357.41791545676
1 80 5 126.906384596893
1 80 5 73.4236622228592
1 80 3 86.6615908726402
1 80 6 39.7029684584408
1 80 2 0.910463190691344
1 80 6 59.0369875959408
1 80 6 74.885220632125
1 80 2 0.435220297465776
1 80 2 1.59269325163722
1 80 7 24.3904792600162
1 80 2 1.26105271687689
1 80 2 1.98509139339557
1 80 7 28.1627438321956
1 80 2 1.04603920383621
1 80 8 34.7058741648162
1 80 4 26.6636060525988
1 80 2 3.28883473980138
1 80 8 24.7129289987396
1 80 8 16.8182765376676
1 80 8 10.7887370884922
1 80 8 10.5404802471103
1 80 8 15.1993748599782
1 80 9 208.346334317935
1 81 1 149.877953888916
1 81 2 19.1599239285356
1 81 3 160.829870704803
1 81 2 9.87795016004257
1 81 4 246.762065979253
1 81 5 127.973117681216
1 81 6 159.572045284323
1 81 1 299.364434824007
1 81 2 1.41580407001574
1 81 2 2.06183086112381
1 81 7 109.899709608177
1 81 8 77.8335959179127
1 82 1 210.118509430583
1 82 6 193.736430671962
1 82 10 640.639482858436
1 83 1 140.539956601948
1 83 2 1.06511692937361
1 83 2 2.10060732909023
1 83 3 99.8552546539594
1 83 2 1.47659539573595
1 83 4 257.078318254475
1 83 5 159.848027352905
1 83 6 220.199122431651
1 83 2 3.15636769947148
1 83 8 307.234251299679
1 83 2 2.40014822961147
1 83 2 2.16485321279256
1 83 9 108.579662434245
1 84 1 188.793663047106
1 84 3 101.159278001829
1 84 2 1.16852998181675
1 84 3 24.4093847804745
1 84 3 23.398344015202
1 84 4 40.5241143051736
1 84 4 18.7821266040506
1 84 4 19.0482916836916
1 84 5 227.468053857383
1 84 4 28.0917186880935
1 84 6 35.6322027753581
1 84 7 56.4484577179256
1 84 4 6.54358845172307
1 84 7 17.9485036153377
1 84 7 23.0840282074494
1 84 2 3.08134405136688
1 84 8 282.54615400078
1 84 7 12.9321974767895
1 84 3 9.64473091784193
1 84 9 24.2637100531358
1 84 5 12.1337298212486
1 84 4 5.65500208390379
1 84 9 26.9049371017289
1 84 10 31.5930813520249
1 85 1 315.561440973457
1 85 2 1.32858705300741
1 85 2 1.62132356487257
1 85 2 1.57440607609071
1 85 2 2.11434427106756
1 85 2 1.92832143350045
1 85 3 235.319886721694
1 85 4 133.608352387851
1 85 5 192.526781345481
1 85 2 2.79975788621534
1 85 2 2.07444713590106
1 85 2 2.25809390733929
1 85 6 123.34664868334
1 85 2 1.53867938137048
1 85 7 107.420684984202
1 85 9 412.249316858744
1 86 1 143.155574976231
1 86 2 1.99685644429733
1 86 2 2.90196875837888
1 86 8 153.497522124484
1 86 7 164.43827669272
1 86 6 162.179690677509
1 86 5 207.512143857275
1 86 2 1.49127621828559
1 86 4 267.18960388467
1 86 2 1.66985731980299
1 86 3 167.596194930379
1 86 9 185.468962619394
1 87 1 278.267985075348
1 87 2 1.95940493558282
1 87 2 1.89147998251157
1 87 2 1.16398605996307
1 87 2 2.403757407784
1 87 2 1.52164624388999
1 87 2 1.34460436659019
1 87 2 2.07101277414014
1 87 4 378.994298899328
1 87 2 2.27275592738386
1 87 2 1.24053270729022
1 87 1 121.757941126658
1 87 6 495.771898738068
1 87 2 1.16401091437299
1 87 3 135.863420231773
1 87 2 1.24933543040175
1 87 2 1.57146751103889
1 87 7 95.1300969197411
1 88 1 185.277092948141
1 88 2 2.07874990140368
1 88 2 2.11336617218019
1 88 2 1.09344101717853
1 88 2 3.43494000120485
1 88 2 1.88407072144002
1 88 2 1.91721935590519
1 88 3 112.880427030943
1 88 3 164.57475142676
1 88 2 1.70482797512014
1 88 5 270.810147869872
1 88 6 37.2109727020374
1 88 6 58.3184130987959
1 88 7 77.165512522423
1 88 7 74.0235382039005
1 88 7 72.4554511780948
1 88 2 1.73905861942124
1 88 2 1.27636875449913
1 88 9 210.732482670096
1 89 1 176.330961558057
1 89 3 90.913160153067
1 89 4 144.447879773436
1 89 3 89.9073631751853
1 89 2 1.64914368993514
1 89 2 2.24752799105186
1 89 2 2.25992261315197
1 89 6 181.064630612088
1 89 2 2.08292073783577
1 89 6 108.002357829069
1 89 8 216.370279012051
1 90 1 149.787958074963
1 90 2 23.9765077682914
1 90 2 8.09696105265273
1 90 2 18.3148318217331
1 90 3 197.088679678955
1 90 4 98.4900039995499
1 90 2 1.23806521763799
1 90 5 73.7166560393897
1 90 6 108.914003954456
1 90 2 1.33562341063238
1 90 2 1.45129624775239
1 90 7 78.9490543289538
1 90 2 2.12269420029191
1 90 8 337.986814026311
1 90 9 75.8919296308747
1 91 1 122.30041184375
1 91 2 2.40537241910845
1 91 3 70.1442813981025
1 91 4 163.168320028715
1 91 2 2.07063921029983
1 91 5 116.383501813327
1 91 7 251.484677255833
1 91 9 370.11499002011
1 91 10 411.32424367662
1 92 1 147.907189291267
1 92 8 113.916315803059
1 92 9 411.927825060119
1 92 10 202.527419684536
1 93 1 175.717848896422
1 93 2 1.89251953310712
1 93 2 1.92480276391697
1 93 2 2.80202012692431
1 93 3 78.7525816809357
1 93 3 177.124174486897
1 93 4 138.387365289445
1 93 6 149.618681898067
1 93 5 224.627118560322
1 93 2 1.47072792538158
1 93 2 0.955019622054715
1 93 2 2.25014351531474
1 93 7 85.5502072935262
1 93 2 1.46735667934254
1 93 8 194.46797141482
1 94 1 142.301867406803
1 94 2 1.95717902821942
1 94 2 2.54882013542836
1 94 3 92.6134010974473
1 94 2 2.13431073558716
1 94 2 1.72681861701894
1 94 4 64.9694755051461
1 94 6 249.93106416188
1 94 2 1.13494229606984
1 94 8 321.025501954196
1 94 9 331.372167081506
1 95 1 159.645874450283
1 95 2 1.31045832121733
1 95 2 2.01227811793175
1 95 2 3.36753001827559
1 95 2 2.16078939140469
1 95 2 2.57681500059063
1 95 2 1.20160772554832
1 95 2 1.4508688742258
1 95 2 2.10143030736471
1 95 2 1.13301570378465
1 95 2 2.71173810096331
1 95 2 1.70713470823696
1 95 2 2.49813380475885
1 95 2 0.912573709665397
1 95 2 1.94291105285236
1 95 3 206.809206808249
1 95 4 78.6551101636331
1 95 2 1.74517915475281
1 95 2 0.959037959217926
1 95 5 104.066986242424
1 95 5 84.4982009745912
1 95 6 68.8779142468147
1 95 6 80.2310638721293
1 95 7 193.375289609585
1 96 1 395.68318898177
1 96 3 5.29967138661601
1 96 3 5.61780480229301
1 96 3 4.8690700656806
1 96 3 5.6576789539712
1 96 3 3.48814671797331
1 96 3 1.76027175314857
1 96 3 4.59891337514848
1 96 3 4.11073250438164
1 96 3 7.36491111844597
1 96 3 3.709323715908
1 96 3 4.78857948504385
1 96 3 4.35580179193734
1 96 3 3.50332184171971
1 96 3 4.33653004961617
1 96 3 4.49893565769473
1 96 3 2.73019996266216
1 96 3 3.79468752350835
1 96 3 2.40327908032324
1 96 3 3.86868522094264
1 96 3 3.6414534471537
1 96 4 181.584059101369
1 96 5 28.9822134852792
1 96 3 3.37259716528781
1 96 3 2.18956650674178
1 96 6 97.0482616753147
1 96 7 40.6042478448084
1 96 8 175.615219982601
1 96 5 23.6476711070832
1 96 10 330.404216716567
1 96 7 30.2264156508828
1 96 11 190.007268098486
1 96 12 230.945511310219
1 97 1 301.72150098766
1 97 2 1.4724774418251
1 97 2 1.8169643643608
1 97 4 133.816508588738
1 97 2 2.9056534035284
1 97 5 515.86377718111
1 97 6 427.130524169179
1 97 8 193.017037125797
1 97 3 115.172386764749
1 97 9 220.2417422441
1 98 1 158.190965525259
1 98 2 2.48878327383588
1 98 3 76.3083637658667
1 98 2 1.69263486209924
1 98 2 1.62746359511333
1 98 2 1.44870867892958
1 98 2 2.21866683781449
1 98 4 103.805117586527
1 98 4 307.340677243655
1 98 2 2.16855569583256
1 98 1 182.139535808583
1 98 5 140.857748637334
1 98 6 144.707511112313
1 98 7 133.643844971013
1 98 3 163.600752569552
1 98 9 198.215796814487
1 98 10 176.017670254581
1 99 1 192.63517027621
1 99 3 58.8660267993676
1 99 3 114.301174320459
1 99 2 3.01578538229705
1 99 2 1.24804404869689
1 99 2 1.65062182594273
1 99 5 371.462384584696
1 99 2 0.606365319357051
1 99 7 359.718105717713
1 99 2 1.3253936758659
1 99 8 285.699303516903
1 100 1 167.304576576509
1 100 2 1.42211168118715
1 100 3 99.3389308492901
1 100 3 170.891274235756
1 100 4 172.159514701306
1 100 2 2.02538261264523
1 100 2 1.09256858797706
1 100 2 1.82774020929067
1 100 2 0.798425905311809
1 100 2 2.3150349923958
1 100 2 1.5469294240481
1 100 2 2.87888865813527
1 100 6 485.386321698875
1 100 2 1.59503170922045
1 100 2 3.44451788261932
1 100 2 1.12342773221044
1 100 2 1.16569154461981
1 100 8 202.104418303767
1 100 5 151.107151915432
1 100 10 486.439249930971
1 101 1 96.2561854817197
1 101 2 158.940432930587
1 101 3 83.1175412951871
1 101 5 319.041966437948
1 101 1 157.560194151191
1 101 3 4.98492334944005
1 101 6 51.6678952041549
1 101 7 257.704210777049
1 101 8 128.131963921211
1 101 3 2.42680743976096
1 101 3 5.07757776186247
1 101 3 2.77138327795989
1 101 3 4.15269773742518
1 101 8 72.339969240085
1 101 3 4.73638179561881
1 101 9 160.635588816089
1 101 3 4.98745304155326
1 101 10 110.750694892695
1 102 1 213.150985253131
1 102 2 1.94599630525829
1 102 3 54.9131577891782
1 102 3 121.523957045851
1 102 2 1.17572892171594
1 102 4 67.8545628218791
1 102 2 2.36927970194966
1 102 5 88.962607827229
1 102 6 235.442156032028
1 102 5 86.0892361227222
1 102 7 86.304500179352
1 102 2 1.34671138148395
1 102 7 92.8113299961182
1 102 9 109.559028125788
1 103 1 244.823403414728
1 103 3 285.756402128623
1 103 5 171.026636039626
1 103 4 34.531884263605
1 103 2 1.83723471549031
1 103 4 61.1514852570259
1 103 6 57.2016180872839
1 103 2 0.834704791781397
1 103 6 47.0436493678289
1 103 6 34.4902699775217
1 103 8 130.689842153114
1 104 1 221.431991764979
1 104 2 1.860000598181
1 104 2 1.36780009339858
1 104 2 2.41105980189957
1 104 3 176.360976019098
1 104 2 2.63315098012129
1 104 4 78.2049776350097
1 104 4 206.459230120132
1 104 2 2.20469623900043
1 104 5 172.790724399996
1 104 2 2.33095411636041
1 104 2 2.60566673185503
1 104 2 2.11325711106652
1 104 2 1.62814814745292
1 104 7 431.900369463992
1 104 8 179.796011656303
1 104 10 296.821528872772
1 105 1 208.80450084209
1 105 3 128.365443722853
1 105 2 2.51857098373928
1 105 4 129.549449438018
1 105 2 3.24845143524994
1 105 6 270.895429666724
1 105 2 2.77572015279692
1 105 7 264.613333792862
1 106 1 310.663939551935
1 106 3 147.824342796149
1 106 2 1.22194475976115
1 106 2 3.7131175147194
1 106 5 222.478250304323
1 106 7 730.026000768915
1 107 1 246.682686469084
1 107 2 1.73918565177934
1 107 2 1.26902758969556
1 107 3 203.164065625575
1 107 2 2.04335552884827
1 107 2 1.45810898838052
1 107 2 1.45670081602069
1 107 4 134.796808920195
1 107 5 139.41857631783
1 107 2 1.65999978090927
1 107 6 141.479389191837
1 107 11 242.344583257436
1 108 1 233.740065550673
1 108 2 2.09729221239799
1 108 3 95.5653872256029
1 108 2 1.53990642893268
1 108 2 2.32634410969331
1 108 3 109.839817213766
1 108 4 129.23695588715
1 108 5 181.779592444392
1 108 2 1.11396617970425
1 108 2 1.66583643258749
1 108 6 154.036726700461
1 108 7 172.989988961625
1 108 8 90.2795898041908
1 108 9 179.701705366244
1 109 1 192.838865087789
1 109 3 171.290325522799
1 109 4 349.668200116234
1 109 2 2.52025541845814
1 109 5 169.22702416746
1 109 6 183.793778478735
1 109 2 1.02922635294971
1 109 2 2.62396587537351
1 109 2 2.48454689522985
1 109 7 82.8217932259446
1 109 2 1.71582675286286
1 109 2 1.39370127186833
1 109 9 183.915659470386
1 110 1 270.044170340681
1 110 3 188.274732532091
1 110 4 125.664153850519
1 110 6 356.521536721223
1 110 2 2.23685175195323
1 110 2 0.468548010772753
1 110 2 1.49612265327371
1 110 7 127.196535007393
1 110 8 142.768742709401
1 110 9 268.451434859587
1 110 2 2.18967084642211
1 110 2 2.33030411055121
1 110 2 1.18891565050862
1 110 6 126.24273734351
1 110 10 127.269063723657
1 111 1 224.892689249366
1 111 2 2.35428117231412
1 111 3 170.360027218741
1 111 2 2.87170459561844
1 111 2 2.30320111317322
1 111 4 107.693696301426
1 111 2 1.13174361166623
1 111 2 4.06245532110348
1 111 2 1.42459475191664
1 111 5 165.085126136774
1 111 6 147.689042574201
1 111 2 2.22726627442739
1 111 2 1.97643734110559
1 111 2 1.32839759917443
1 111 2 1.17689140935152
1 111 2 1.5215887485037
1 111 7 109.704554988489
1 111 2 2.07117617972752
1 111 2 2.96345653857142
1 111 1 193.414656127726
1 111 2 1.72581574391334
1 111 9 197.167065309866
1 111 2 1.24069781741617
1 111 10 195.791117506712
1 112 1 121.170868352534
1 112 1 214.920407088842
1 112 2 3.09992272780841
1 112 2 1.70619977351768
1 112 2 2.89694485863227
1 112 2 1.79887546968052
1 112 3 203.782580971234
1 112 4 153.830541399329
1 112 2 1.95406166616858
1 112 5 159.668581463436
1 112 2 0.835174935982911
1 112 2 2.09772023928361
1 112 7 149.160968007872
1 112 2 1.10089924484046
1 112 9 431.188221948121
1 113 1 391.047902923196
1 113 3 75.9126663904341
1 113 4 38.7057945530698
1 113 5 235.591919346348
1 113 4 26.0110253809872
1 113 6 205.997138523481
1 113 2 1.05360505599462
1 113 7 93.4531654161692
1 114 1 169.205586934723
1 114 3 75.4586544141186
1 114 4 321.252753466728
1 114 5 187.876044110392
1 114 2 3.61264530619367
1 114 2 2.29022665764787
1 114 2 2.46361884977739
1 114 2 1.67163550850668
1 114 6 130.679054212343
1 114 7 146.3059162998
1 114 8 151.075850717639
1 114 9 179.885511706946
1 114 2 1.35211719255717
1 114 10 131.882774278109
1 114 11 57.1041170036986
